4 0.4492083333333333 0.27037426900584793 0.1668472222222222 0.11815204678362573
2 0.4439027777777778 0.42256140350877197 0.16159722222222223 0.08630409356725147
0 0.2561805555555555 0.2625029239766082 0.1103888888888889 0.12721637426900584
0 0.22098611111111113 0.4103157894736842 0.03194444444444444 0.05729824561403509
2 0.7489722222222223 0.38452631578947366 0.11900000000000001 0.10050292397660819
4 0.9198194444444444 0.4519766081871345 0.11663888888888889 0.09098245614035089
0 0.9244583333333334 0.25469005847953213 0.12323611111111112 0.11610526315789473
0 0.7176527777777778 0.2569356725146199 0.10620833333333334 0.0664561403508772
2 0.38169444444444445 0.6869590643274854 0.1223611111111111 0.0979766081871345
4 0.20727777777777778 0.6348187134502924 0.12581944444444446 0.13021052631578947
0 0.15304166666666666 0.8199766081871346 0.13726388888888888 0.09658479532163743
0 0.38625000000000004 0.833625730994152 0.09515277777777778 0.07899415204678363
4 0.6602222222222223 0.8367719298245615 0.11220833333333334 0.1775204678362573
2 0.6701111111111111 0.6458362573099415 0.19872222222222224 0.09919298245614035
0 0.8867222222222223 0.8893333333333333 0.11627777777777777 0.15136842105263157
0 0.8811249999999999 0.6614502923976607 0.08920833333333333 0.10384795321637427