6 0.5338416666666667 0.23334586466165413 0.08095833333333334 0.16451127819548872
6 0.4058583333333333 0.32561403508771924 0.095 0.12850877192982454
6 0.37688333333333335 0.5436340852130326 0.09370833333333334 0.10840852130325815
6 0.43175 0.7073057644110275 0.09011666666666666 0.1450250626566416
6 0.5559666666666666 0.7433834586466166 0.08854166666666667 0.16201754385964912
6 0.6812 0.6522556390977443 0.09234166666666667 0.12513784461152883
6 0.7156666666666667 0.46017543859649124 0.12461666666666665 0.1119172932330827
6 0.6371 0.3078822055137845 0.09414166666666667 0.1231203007518797
3 0.53415 0.4906641604010025 0.15231666666666666 0.2008270676691729
6 0.15511666666666665 0.16086466165413535 0.116525 0.10422305764411027
6 0.147175 0.3558521303258146 0.07298333333333333 0.14887218045112782
6 0.032091666666666664 0.24516290726817042 0.06138333333333333 0.17296992481203008
0 0.041341666666666665 0.6320300751879699 0.071575 0.17289473684210527
0 0.896725 0.11040100250626565 0.09004166666666666 0.2113032581453634
0 0.9647333333333333 0.6766040100250625 0.05645833333333333 0.13307017543859648
0 0.9023666666666667 0.822844611528822 0.056216666666666665 0.14265664160401004