3 0.46247222222222223 0.7254351851851852 0.11005555555555556 0.22269444444444444
3 0.17683333333333331 0.8744074074074074 0.24248148148148146 0.21973148148148147
3 0.19016666666666665 0.5917962962962963 0.11637962962962962 0.19153703703703706
3 0.15026851851851852 0.3515462962962963 0.09675925925925925 0.1369537037037037
3 0.8075185185185185 0.6750092592592593 0.10569444444444445 0.15888888888888889
3 0.7172407407407407 0.8796018518518519 0.19366666666666665 0.16133333333333333
3 0.4567777777777778 0.3516666666666667 0.09402777777777778 0.09553703703703705
3 0.3489722222222222 0.45940740740740743 0.08676851851851851 0.13046296296296298
3 0.8705648148148148 0.39278703703703705 0.07902777777777777 0.09906481481481481
3 0.6331111111111111 0.43072222222222223 0.15965740740740741 0.10550925925925926
3 0.5877129629629629 0.5644444444444444 0.14758333333333332 0.1090462962962963
3 0.2610648148148148 0.24663888888888888 0.15630555555555556 0.11695370370370371
3 0.5193055555555556 0.24328703703703702 0.14039814814814813 0.08248148148148148
3 0.08888888888888889 0.16243518518518518 0.1406574074074074 0.09670370370370371