6 0.42101739130434784 0.3231331592689295 0.15676521739130436 0.2635639686684073
6 0.6255304347826087 0.5610835509138381 0.24231304347826088 0.20163185378590076
6 0.20832173913043478 0.5367624020887729 0.2009304347826087 0.1999738903394256
6 0.36214782608695656 0.8110443864229765 0.1920695652173913 0.24723237597911227
6 0.641408695652174 0.905 0.2079826086956522 0.17926892950391643
6 0.799495652173913 0.11281984334203655 0.15198260869565217 0.19281984334203653
6 0.9080782608695652 0.6916057441253264 0.17437391304347827 0.2694516971279373
6 0.9206782608695652 0.3638381201044386 0.15433913043478262 0.20922976501305485
6 0.622 0.2853002610966057 0.13089565217391305 0.11481723237597911
6 0.5584260869565217 0.09778067885117495 0.14984347826086955 0.12618798955613578
6 0.27846086956521743 0.2058093994778068 0.08382608695652174 0.1229242819843342