4 0.7104227405247814 0.2744041450777202 0.1342128279883382 0.20821243523316063
1 0.9558163265306123 0.3575906735751295 0.0810932944606414 0.37927461139896373
4 0.3288921282798834 0.7679792746113989 0.09551020408163265 0.14041450777202072
2 0.4648396501457726 0.9196373056994819 0.0928134110787172 0.10911917098445595
2 0.23106413994169095 0.6185492227979275 0.06459183673469387 0.10181347150259067
4 0.12291545189504373 0.49792746113989633 0.06011661807580175 0.0882901554404145
1 0.1453061224489796 0.7009326424870467 0.06567055393586005 0.07137305699481865
1 0.2981632653061224 0.4840673575129534 0.05237609329446064 0.08844559585492229
4 0.28269679300291545 0.3351554404145078 0.06588921282798835 0.06948186528497409
2 0.3668075801749271 0.43940414507772024 0.07196793002915451 0.06417098445595855
4 0.392201166180758 0.22025906735751294 0.052157434402332364 0.07204663212435233
2 0.4837609329446064 0.28867875647668395 0.06269679300291545 0.06948186528497409
1 0.4250583090379008 0.32077720207253885 0.036807580174927114 0.050025906735751295