4 0.28822000000000003 0.7159820089955022 0.11305 0.2761169415292354
4 0.19693 0.3537631184407796 0.11047 0.25631184407796104
2 0.49559 0.17785607196401798 0.09490000000000001 0.14544227886056973
2 0.43177 0.3789505247376312 0.10912999999999999 0.15598200899550227
1 0.054920000000000004 0.6124587706146927 0.09403 0.19424287856071965
0 0.26148000000000005 0.057271364317841085 0.12784 0.09644677661169415
4 0.8159 0.161664167916042 0.14637 0.1278110944527736
4 0.6789700000000001 0.47562218890554725 0.08335 0.16025487256371815
1 0.94502 0.5282008995502249 0.06824 0.17766116941529236
1 0.5406 0.8406746626686656 0.1016 0.1813793103448276
1 0.72574 0.8573613193403299 0.11156999999999999 0.18802098950524737