4 0.6345555555555557 0.584462962962963 0.1256851851851852 0.1358888888888889
2 0.44003703703703706 0.6537222222222222 0.07544444444444445 0.13949999999999999
3 0.4772407407407407 0.45381481481481484 0.06181481481481482 0.07901851851851852
3 0.5812592592592593 0.41035185185185186 0.0723148148148148 0.08805555555555555
0 0.35074074074074074 0.49468518518518517 0.11127777777777778 0.08883333333333333
4 0.43722222222222223 0.2258888888888889 0.10461111111111111 0.09559259259259259
2 0.2772222222222222 0.29379629629629633 0.07433333333333333 0.051425925925925924
0 0.19662962962962965 0.18637037037037038 0.12201851851851853 0.06905555555555555
3 0.4075740740740741 0.10414814814814816 0.058777777777777776 0.06966666666666667
3 0.335 0.13394444444444445 0.05174074074074074 0.07872222222222222
2 0.6617407407407407 0.16040740740740742 0.07690740740740741 0.07944444444444444
3 0.04190740740740741 0.26905555555555555 0.06994444444444445 0.07035185185185186
3 0.19762962962962963 0.5987777777777777 0.07703703703703704 0.09681481481481481
4 0.20905555555555555 0.8127962962962964 0.11964814814814814 0.14374074074074075
4 0.04637037037037037 0.6451666666666667 0.07057407407407407 0.06546296296296296
4 0.8154629629629631 0.800037037037037 0.1002037037037037 0.0944074074074074
4 0.6667407407407407 0.8796481481481482 0.06079629629629629 0.08746296296296295
2 0.03961111111111111 0.8717962962962963 0.06585185185185186 0.1308888888888889
0 0.5212407407407408 0.9389444444444444 0.11109259259259259 0.08385185185185186
2 0.8593888888888889 0.4866666666666667 0.05666666666666667 0.10566666666666667
4 0.814425925925926 0.0935 0.09748148148148149 0.0927962962962963
3 0.9480185185185185 0.2506851851851852 0.07035185185185186 0.0792962962962963
3 0.8411111111111111 0.29746296296296293 0.06892592592592592 0.06855555555555556
4 0.9713148148148149 0.41501851851851856 0.05735185185185185 0.07637037037037038
4 0.06625925925925927 0.4113888888888889 0.11 0.07585185185185185