3 0.15518666666666667 0.6620199999999999 0.29272 0.40342
3 0.63984 0.61176 0.07630666666666666 0.21872
0 0.48402666666666666 0.65822 0.12133333333333333 0.28504
1 0.32234666666666667 0.37912 0.12130666666666667 0.1468
0 0.15082666666666666 0.24498 0.0916 0.13354
3 0.5579466666666666 0.34796 0.23518666666666665 0.1795
1 0.5441466666666667 0.17386000000000001 0.09490666666666668 0.1313
3 0.39613333333333334 0.14012 0.09222666666666667 0.1988
1 0.6138266666666666 0.86334 0.12093333333333334 0.24525999999999998
1 0.75116 0.48556 0.0956 0.1747
0 0.80952 0.24374 0.10232 0.23604