1 0.3907596685082873 0.4817184265010352 0.0874171270718232 0.15966873706004142
1 0.5752624309392266 0.37919254658385093 0.06621546961325966 0.14612836438923396
1 0.268328729281768 0.5871221532091097 0.08424033149171271 0.1789648033126294
1 0.5327348066298342 0.6269979296066253 0.08476519337016575 0.1759006211180124
1 0.6933563535911602 0.8527536231884058 0.08830110497237569 0.16157349896480333
1 0.6579558011049724 0.5296894409937888 0.0900414364640884 0.13658385093167702
1 0.5514088397790056 0.7969979296066252 0.08066298342541436 0.09666666666666666
1 0.17017955801104973 0.638343685300207 0.060607734806629836 0.14167701863354037
1 0.3084806629834254 0.3506625258799172 0.06787292817679558 0.11496894409937888
1 0.3112569060773481 0.21788819875776397 0.06997237569060773 0.10821946169772258
1 0.6699447513812155 0.24248447204968945 0.09675414364640883 0.1625879917184265
1 0.41599447513812154 0.18405797101449275 0.044627071823204426 0.13372670807453416
1 0.6151243093922653 0.10985507246376812 0.07342541436464088 0.10954451345755693
1 0.4041298342541436 0.6827329192546584 0.06580110497237569 0.13728778467908903
1 0.22725138121546962 0.39538302277432713 0.053881215469613254 0.10606625258799171