1 0.24587499999999998 0.35722499999999996 0.08485 0.052875
1 0.626325 0.36155000000000004 0.10550000000000001 0.073725
1 0.4522 0.6503749999999999 0.075425 0.067175
1 0.23697500000000002 0.5948749999999999 0.0732 0.0785
1 0.292225 0.6939 0.08275 0.06855
1 0.6667000000000001 0.5122 0.07005 0.07835
1 0.514575 0.5451 0.07075000000000001 0.07377500000000001
1 0.50635 0.26239999999999997 0.0736 0.058975
1 0.6211 0.2584 0.070625 0.060175
1 0.380825 0.2789 0.06415 0.0736
1 0.8082250000000001 0.5420750000000001 0.074725 0.07077499999999999
1 0.629625 0.609175 0.0785 0.061224999999999995
1 0.701075 0.6872750000000001 0.07150000000000001 0.061399999999999996
1 0.594825 0.7252500000000001 0.09147500000000001 0.067025
1 0.42185 0.7701 0.06365 0.068
1 0.471725 0.42607500000000004 0.0681 0.0784
1 0.385175 0.5534749999999999 0.066775 0.066075
1 0.21965 0.452575 0.08747500000000001 0.066175
1 0.34092500000000003 0.39292499999999997 0.06695000000000001 0.06309999999999999
1 0.740425 0.429375 0.0676 0.071775
1 0.7175499999999999 0.311975 0.043125 0.06634999999999999
1 0.531525 0.362575 0.04135 0.0513