1 0.6293500000000001 0.5 0.051925 0.28800000000000003
1 0.137225 0.5080250000000001 0.06235 0.2848
1 0.2919 0.538075 0.051449999999999996 0.2704
1 0.3547 0.54795 0.055775 0.27785
1 0.4244 0.51895 0.056325 0.28155
1 0.48867499999999997 0.5547249999999999 0.056275000000000006 0.291425
1 0.5519 0.420375 0.049725 0.1573
1 0.7495999999999999 0.49479999999999996 0.044125 0.25272500000000003
1 0.6894750000000001 0.5025999999999999 0.033025 0.264275
1 0.9175 0.4225 0.809515 0.692145 0.8680575 0.7092875 0.9375 0.5275 0.9725 0.4425 0.9425 0.4225
1 0.8325 0.3425 0.7773875 0.6242925 0.8302200000000001 0.64215 0.8880475 0.3557375 0.855 0.34
1 0.20695 0.46277500000000005 0.051425 0.1673