4 0.7436111111111111 0.7623000000000001 0.18493333333333334 0.19445555555555555
2 0.49051111111111106 0.8469222222222222 0.18095555555555556 0.23925555555555558
4 0.11647777777777778 0.9246222222222222 0.18844444444444444 0.1102
1 0.25083333333333335 0.49375555555555556 0.12381111111111112 0.16846666666666668
1 0.6920555555555555 0.35217777777777776 0.10043333333333333 0.15197777777777777
1 0.4122222222222222 0.3420888888888889 0.16547777777777778 0.06157777777777778
1 0.8491666666666666 0.2195 0.12133333333333333 0.043444444444444445
2 0.5303666666666667 0.4513666666666667 0.07356666666666666 0.0679111111111111
2 0.09195555555555557 0.1757888888888889 0.1444 0.10162222222222221
4 0.30465555555555557 0.15064444444444447 0.15764444444444445 0.1007
4 0.7303444444444444 0.05737777777777778 0.11895555555555556 0.09537777777777778
2 0.5507222222222222 0.082 0.11397777777777778 0.08243333333333333