6 0.5338416666666667 0.23334586466165413 0.08095833333333341 0.16451127819548875
6 0.4058583333333333 0.32561403508771924 0.095 0.12850877192982454
6 0.37688333333333335 0.5436340852130326 0.09370833333333337 0.10840852130325813
6 0.43175 0.7073057644110275 0.0901166666666667 0.14502506265664164
6 0.5559666666666666 0.7433834586466166 0.08854166666666667 0.1620175438596491
6 0.6812 0.6522556390977443 0.09234166666666663 0.12513784461152877
6 0.7156666666666667 0.46017543859649124 0.12461666666666664 0.11191729323308264
6 0.6371 0.3078822055137845 0.09414166666666669 0.1231203007518797
3 0.53415 0.4906641604010025 0.15231666666666666 0.2008270676691729
6 0.15511666666666665 0.16086466165413535 0.11652500000000003 0.1042230576441103
6 0.147175 0.3558521303258146 0.07298333333333332 0.1488721804511278
6 0.03209166666666667 0.24516290726817042 0.06138333333333333 0.17296992481203005
0 0.041341666666666665 0.6320300751879699 0.07157500000000001 0.1728947368421053
0 0.896725 0.11040100250626565 0.09004166666666673 0.2113032581453634
0 0.9647333333333333 0.6766040100250625 0.05645833333333333 0.13307017543859656
0 0.9023666666666667 0.822844611528822 0.0562166666666667 0.14265664160400993