3 0.46247222222222223 0.7254351851851852 0.11005555555555552 0.22269444444444444
3 0.1768333333333333 0.8744074074074075 0.24248148148148146 0.21973148148148153
3 0.19016666666666665 0.5917962962962963 0.11637962962962965 0.19153703703703695
3 0.15026851851851852 0.3515462962962963 0.09675925925925925 0.13695370370370366
3 0.8075185185185185 0.6750092592592593 0.10569444444444454 0.1588888888888888
3 0.7172407407407407 0.8796018518518519 0.19366666666666674 0.16133333333333344
3 0.45677777777777784 0.3516666666666667 0.0940277777777778 0.09553703703703699
3 0.3489722222222222 0.45940740740740743 0.08676851851851855 0.13046296296296295
3 0.8705648148148148 0.39278703703703705 0.0790277777777777 0.09906481481481483
3 0.6331111111111111 0.4307222222222222 0.15965740740740747 0.10550925925925925
3 0.5877129629629629 0.5644444444444444 0.1475833333333332 0.10904629629629628
3 0.2610648148148148 0.24663888888888888 0.1563055555555556 0.11695370370370368
3 0.5193055555555556 0.24328703703703702 0.14039814814814808 0.08248148148148149
3 0.08888888888888889 0.16243518518518518 0.14065740740740737 0.09670370370370371