6 0.4210173913043479 0.32313315926892955 0.15676521739130436 0.2635639686684073
6 0.6255304347826087 0.5610835509138381 0.24231304347826094 0.2016318537859007
6 0.20832173913043478 0.5367624020887729 0.20093043478260872 0.19997389033942553
6 0.36214782608695656 0.8110443864229765 0.19206956521739135 0.2472323759791124
6 0.641408695652174 0.905 0.20798260869565222 0.17926892950391637
6 0.799495652173913 0.11281984334203654 0.15198260869565214 0.19281984334203653
6 0.9080782608695652 0.6916057441253264 0.17437391304347832 0.2694516971279374
6 0.9206782608695652 0.3638381201044386 0.15433913043478273 0.20922976501305482
6 0.622 0.2853002610966057 0.13089565217391302 0.1148172323759791
6 0.5584260869565217 0.09778067885117495 0.14984347826086952 0.12618798955613578
6 0.27846086956521743 0.2058093994778068 0.08382608695652172 0.12292428198433422