3 0.5013285714285715 0.7168428571428572 0.06834285714285719 0.19802857142857144
3 0.5948857142857144 0.6472714285714285 0.05824285714285712 0.08478571428571431
2 0.3193857142857143 0.5357571428571428 0.16815714285714287 0.09084285714285718
2 0.3613857142857143 0.6611714285714285 0.07529999999999996 0.06877142857142855
4 0.4991714285714286 0.3759142857142857 0.04019999999999998 0.040085714285714245
3 0.7534571428571428 0.9575142857142857 0.14677142857142858 0.07355714285714288
3 0.6745571428571429 0.8787285714285714 0.09171428571428578 0.0380857142857144
2 0.9305571428571429 0.7502 0.10324285714285712 0.07084285714285711
3 0.3101714285714286 0.10065714285714285 0.055028571428571406 0.04664285714285715
2 0.14587142857142857 0.24761428571428573 0.03891428571428573 0.055328571428571456
2 0.2363714285714286 0.2191142857142857 0.042271428571428536 0.02297142857142855
2 0.7853 0.18045714285714284 0.06618571428571418 0.031271428571428554
3 0.859 0.05551428571428571 0.042928571428571365 0.09647142857142857