4 0.7104227405247814 0.27440414507772026 0.1342128279883381 0.20821243523316066
1 0.9558163265306123 0.3575906735751295 0.08109329446064156 0.37927461139896385
4 0.3288921282798834 0.7679792746113989 0.09551020408163263 0.14041450777202083
2 0.4648396501457726 0.9196373056994819 0.09281341107871714 0.10911917098445598
2 0.23106413994169095 0.6185492227979275 0.06459183673469387 0.10181347150259062
4 0.12291545189504373 0.49792746113989633 0.060116618075801764 0.08829015544041446
1 0.1453061224489796 0.7009326424870467 0.06567055393586008 0.07137305699481854
1 0.2981632653061224 0.4840673575129534 0.05237609329446065 0.08844559585492225
4 0.28269679300291545 0.3351554404145078 0.06588921282798832 0.06948186528497408
2 0.3668075801749271 0.43940414507772024 0.07196793002915453 0.06417098445595851
4 0.392201166180758 0.22025906735751294 0.05215743440233232 0.07204663212435233
2 0.4837609329446064 0.28867875647668395 0.06269679300291543 0.06948186528497408
1 0.4250583090379008 0.32077720207253885 0.036807580174927114 0.0500259067357513