4 0.28822000000000003 0.7159820089955022 0.11304999999999998 0.2761169415292353
4 0.19693 0.3537631184407796 0.11047000000000003 0.256311844077961
2 0.49559 0.17785607196401798 0.09489999999999997 0.1454422788605697
2 0.43177 0.3789505247376312 0.10912999999999999 0.15598200899550224
1 0.054920000000000004 0.6124587706146927 0.09403 0.19424287856071956
0 0.26148000000000005 0.057271364317841085 0.12784000000000004 0.09644677661169417
4 0.8159 0.16166416791604196 0.1463700000000001 0.12781109445277358
4 0.6789700000000001 0.47562218890554725 0.08334999999999991 0.16025487256371812
1 0.94502 0.5282008995502249 0.06824000000000001 0.17766116941529236
1 0.5406 0.8406746626686656 0.10159999999999997 0.18137931034482763
1 0.72574 0.8573613193403299 0.11156999999999993 0.18802098950524743