3 0.15518666666666667 0.6620199999999999 0.29272 0.40342000000000006
3 0.63984 0.61176 0.07630666666666669 0.21872000000000003
0 0.48402666666666666 0.65822 0.12133333333333333 0.28503999999999996
1 0.32234666666666667 0.37912 0.12130666666666669 0.14679999999999996
0 0.15082666666666666 0.24498 0.09159999999999999 0.13354000000000002
3 0.5579466666666666 0.34796 0.23518666666666665 0.1795
1 0.5441466666666667 0.17386000000000001 0.09490666666666675 0.1313
3 0.39613333333333334 0.14012 0.09222666666666661 0.1988
1 0.6138266666666666 0.86334 0.12093333333333339 0.24525999999999998
1 0.75116 0.48556 0.09560000000000006 0.17469999999999994
0 0.80952 0.24374 0.10232000000000001 0.23603999999999997