1 0.6293500000000001 0.5 0.05192499999999996 0.28800000000000003
1 0.137225 0.5080250000000001 0.062349999999999996 0.28480000000000005
1 0.2919 0.538075 0.05145000000000003 0.2704000000000001
1 0.3547 0.54795 0.055775000000000005 0.27785
1 0.4244 0.5189499999999999 0.05632499999999993 0.28154999999999997
1 0.48867499999999997 0.5547249999999999 0.05627499999999998 0.29142499999999993
1 0.5519 0.420375 0.049724999999999964 0.15730000000000005
1 0.7495999999999999 0.49479999999999996 0.04412499999999994 0.2527249999999999
1 0.6894750000000001 0.5025999999999999 0.03302500000000009 0.2642749999999999
1 0.8680575 0.7092875 0.9375 0.5275 0.9725 0.4425 0.9425 0.4225 0.9175 0.4225 0.809515 0.692145 0.8680575 0.7092875
1 0.8302200000000001 0.64215 0.8880475 0.3557375 0.855 0.34 0.8325 0.3425 0.7773875 0.6242925 0.8302200000000001 0.64215
1 0.20695 0.46277500000000005 0.051424999999999985 0.16730000000000003