1 0.24587499999999998 0.35722499999999996 0.08485 0.05287499999999994
1 0.626325 0.36155000000000004 0.10549999999999997 0.07372500000000003
1 0.4522 0.6503749999999999 0.07542500000000003 0.06717500000000001
1 0.23697500000000002 0.5948749999999999 0.0732 0.07849999999999994
1 0.292225 0.6939 0.08274999999999999 0.0685499999999999
1 0.6667000000000001 0.5122 0.07004999999999996 0.07834999999999993
1 0.514575 0.5451 0.07075000000000004 0.07377499999999998
1 0.50635 0.26239999999999997 0.0736 0.05897500000000001
1 0.6211 0.2584 0.070625 0.060174999999999985
1 0.380825 0.2789 0.06415000000000007 0.0736
1 0.8082250000000001 0.5420750000000001 0.07472499999999997 0.070775
1 0.6296250000000001 0.609175 0.07850000000000001 0.06122500000000002
1 0.701075 0.6872750000000001 0.07150000000000006 0.061399999999999864
1 0.594825 0.7252500000000001 0.09147500000000008 0.06702499999999986
1 0.42185 0.7701 0.06364999999999994 0.06800000000000012
1 0.471725 0.42607500000000004 0.06810000000000002 0.07840000000000004
1 0.385175 0.5534749999999999 0.06677499999999995 0.06607500000000002
1 0.21965 0.452575 0.08747500000000002 0.06617499999999993
1 0.34092500000000003 0.39292499999999997 0.06694999999999997 0.06310000000000002
1 0.740425 0.429375 0.06759999999999991 0.07177499999999995
1 0.7175499999999999 0.311975 0.043125 0.06634999999999998
1 0.531525 0.362575 0.04135000000000005 0.05129999999999996